3816711013655345506
2455282143363650367
2591691311773991211
3547603580404187859
1493001601336682296
-8964545978839856867
-8597977094662410277
8851885963184443300
-3958061277292302472
3314750689563482198
6963512697611366521
-7415126087910533480
6766956197073388676
6578760288504743326
134819131588064496
-9056566952774037509
-3049100160826390924
5511997606633544827
3833176853139850273
1564155867664913456
3131569435781285266
7466865594267235786
-3536623772631669663
7143361324172184108
-2005291630236691236
1176301542777245243
8997129881826858487
1946874934273648120
2047261667171396741
-4206856948996625200
-421667163140874846
8726173988605835058
-7472944094558839692
127760247637334370
-5368899939274006766
-3237897972864219252
-4955918752469823805
6008610292936680220
1935372776938014571
5930410135902554444
8479111171403586113
2959011735932827390
2145114801203333061
5064648741245769163
2826298428236227825
-3218205725554981285
6171108064767336366
-1486280937829532682
3135324866527696521
5958530677825224027
-440556130458241114
8645116466275622608
5248907831806860020
-6785174706617497222
5743106871882730401
-4582717322141867026
9193205198202614992
5665755548387209223
-6358707797438159479
-4044227056014446087
-3919004682161709071
6790000855564907686
-2435380883371317318
2554885628656533296
3564611861068973020
-6093267945616486449
7763292147030255492
3020142968850182115
5254241400439617101
2902509166493463884
8835774018391070637
-8519172622657190663
8005470351133101489
-5889123351256995137
2225132749442122476
365653735275829867
-8753248243170606164
5979247043919588890
-4242498679648119185
-4570235230606527033
-5511453271618263147
-8593034865382724572
2858790539489819734
-3860804581846965074
8926181187444138229
-5926504322422896901
-7065051913176037835
4217913978830547798
2949092294633882124
989762906847865997
7373237361694844822
-7692619436996918520
-7123352648701466036
-4246589789920019171
-7001610675467730827
-1810486755104708445
-1798861839421081380
7351565424492265924
-177305994109159486
7304038308208507671
-4968113620141469930
-4942773578159508754
-187991478984071709
4835532012676295147
-6441914341412887799
-8800050719200456999
2365814600453312303
-4282460156776221768
4501589735985603063
-7230463705995591655
2276335467698204276
-7463678098618977108
-4374511363586186536
7240303396392555543
5861152589283364721
-1715672530923305720
-5277438157315905322
5035604305797349773
7723440276803352925
-7659342964836440158
-6571603625676622385
3912234637832601355
-5609173620388320930
-6930265697117599644
-872203643927581481
6303311029123557750
1814507320667921683
-5244929854903776565
-1713616966789888845
3117831984685185668
6714827893475044619
-6759976101677537175
2691511229208021598
-5785306699494731967
1609004205531608908
3232559981145218915
-2112877127665978489
8212862238018256524
-2197337706689766963
657317267110850803
-5277809244794896110
8192598981139611546
4151465304058903803
3472133189466107879
6215705842341933459
-9178907660304523149
6070456377691237944
989827168275291936
-2068209408711244842
-6580107645383685008
6468476821585218135
-366044639443296236
8226948626550114650
-1951029981993229629
-7134773634888435678
6174064805898154317
4101412502065514704
-3183857199500354321
778975461032735444
-3514589140927071000
8588011689956995233
2014466859489363276
-1824977012042308448
7103417411296442135
-8916885775516952218
5636794499384278405
906611197409988904
-4427502231649923937
-7398050427481565074
3659289429992412441
6776760916265766918
-822913456611761829
-2424978771143548357
-1689901918660546595
-5526085915241081018
4335694084644249271
-583867039963235067
3534890492951280760
-6443618440779262486
8147389826176225845
-3089079711074925771
6975520066240658149
-3229147860737401243
6360885017171827692
-4277666849502464533
-8180023405659843851
-5841613824899309279
-7025117204729778940
-1753268737039769735
-4200968250759169334
-579572126043097351
-6858420089258060229
-916547411834452506
3758429650562133341
-3606770372100375617
5074533397590713955
-3518799490961805971
-9058335967618486022
-1042727539612616521
-3680363387647502111
743111489650273019
-3829658687963075137
5845073686067060506
-8176312152160152528
5602399732199769780
-1221059125145709536
-101022465435610475
8643164961622358108
-1297506398026289554
6276819420832551782
-1901958046343396409
1873313942024797576
8934930356029519924
-8549746971924176853
2182054993183906502
86616284481233512
-4708061510175312700
7226499896312548063
-8880361190592417381
4889191747627379399
-3584186966445551086
3621246916160775751
5892845270831898305
382078912420326915
2543894166477852099
4574771748230135288
-3663665348051923030
254189514173789580
5384310741015558067
1572363817883770080
-2951595759461600454
2461556828758584169
-7394934149058558865
241205409638163390
-1070368575916477366
5516548211221797042
-6251100339311792196
1995089932151697317
-6525450490690223066
-675983247307688937
-6708300606725017842
8484682598022926461
-6634600098740701937
-403869864483585961
6195586507243697169
151960062642622338
-5367740307563567942
-8162670890691577142
-1451954087798685916
-547237084268083773
-5899498305139640624
-7394006690260215336
-8091187425157692967
-8908937272465177948
-2550044227955171476
-5935644819467445376
-4630961319596551817
961645661834396252
1362627269014961568
-7070030099453795374
1946932320580512120
3282598972545152120
5023206539135960560
-6472857813936755851
7531529759507267083
3478960984054190678
-1255312308021871403
-2703249747983811038
4839670155668987539
-5130243195740486229
-3451425676072681157
-5544428912992253657
5749887556274513958
422841383607574270
8626551418204710659
5075451561183328740
2432683172327000078
2293427450960305194
-2509300054847823486
-22673533394424751
-347955567445307828
2440320439028727520
-3759069266623267328
7289104213933681015
7364654791309283344
-5121972124479933661
6211786241915858490
-3268071013735320078
4394470997741001282
-1932999720617769526
8107718726827631329
-2312105065776746378
1576352635963487229
382024346875210497
-927072590346389991
-8443487452605874105
3621353418706317582
3802311964314588360
-5611184131124664837
2495459925564887999
-137229900048657287
1217281706840217970
820744414421704467
6928762045759385292
-1808552097262353676
758241530236561960
5259024383236052706
925998554126125423
-3396980597271444117
-8903235572201973404
8770288037168969309
1804345540773445182
-5099900326656353414
2372938332062822774
-1292507344891702164
563289664411551970
2689443933757038070
-3814008640668247293
6628714780792094828
2692510170923652250
-3050215531143057051
4230218167479997312
-4017852042968900434
1348800697995745975
-3092522065314674559
-1427459608827563077
-5178722287768712971
-3444565962735349474
7193984529564366520
-4087226339587111341
-2664331444246766340
-7633864873763493687
8011093307933446831
-372509292200432069
5686348457308222190
8725583923966581830
4450664657082116283
-1932338811072340677
-2319564216354569748
1093541460540411446
-5051963010580710042
4275774250570275439
2730896294966151307
437019390214535119
5367252762208673776
240599538577266886
3649735162062473043
-1953035847160076453
8957487744798706891
6951999343840959876
-7975350000492082367
-58478906489073993
-3110678256070467554
-6758049351141394752
-4932350413830797243
-696619199815196203
623058565651650628
-9156980885331557913
-4106676628324629563
348391462536840506
8612201757370148938
-728966339400891849
-197297386390794471
-5417162723396268928
4634818608112360052
-6476308454452377787
4851573253063643661
-7958054649747011371
8610627348770833080
7637109409987322744
-5576605855123217054
-2737934898678093957
779656555885232449
1556058753891594891
-8565443236539761332
4080304288609443910
-6517259141594508051
5228219850559762447
-6678500926649408523
795417226449728545
8669590548971929040
-5363818587057840666
411664070742950905
-3302694316303451255
2320416760234274735
342847501266352841
-7395588778823449879
-434573988855888624
651879906560349318
3315948328251590851
2436295863203605448
5043346791539983323
-8156257352160239869
-1548721646144150604
-6928177540564768367
-3010699871083426267
-3280269205445120760
-6401364923261704240
-3992764241377635922
-1871278682641044550
-5835475694012630484
3745702168940783645
-837679739111850366
2106339576475776125
8877799576132674107
5061225925501383928
-1321373392231597599
-8544151052439716126
5577932536009700274
-4177438470788746607
6047636849894946707
2036189692125306484
5090473133808259652
-3909236489202057366
-2657640755435511852
-2792207797028588976
177043156132931927
1473043709743901404
-8336030544282834473
-5456738193796070487
-6234384450186187128
-1868190760294057071
5805344665456444990
9214695522451190850
5528105787510699043
-1212330077277223413
8868453412454209956
3533637119918587127
2296763104072600491
4862162747805012764
-4885798916460902637
3170538625298775092
-2211377758172972968
4135176954395039340
-2094790129694487922
4922456729069278332
4499596506683732372
4503110552055592183
1647151314039530377
-7475485730287985949
5451299980804830589
-3788702642391802996
-4558511793122291861
8516135865764337045
3964158230316346215
-3766905995509750449
3181593285860643859
615586146254817869
3851892752503412311
47517109334987319
646815502401804880
-7236895833575236386
5340622520122103688
2306069013095484817
6307719780949268584
-1302090980362519122
-1152634056191508246
-5601210991450700677
-668395534809084782
2581014380911421494
-2430262395866286178
-146203996301996950
-39745698296084612
-6756311927475359357
1706235136473523835
-6929603245033317980
6137314534551717573
5657028957883475640
3893768991002869901
-3889110595318626873
6301122442933149572
7799882419334232970
7692982325894812560
-8726935907570325952
7828691076062755007
-7326804483764074302
-158957926904223111
-4202203535386463531
3628962124069426677
4434749184478026431
3206419685123031022
7662667583566117916
8944942813746524565
-136130882406035471
3050957966270726345
1390186359360549377
-1334847858508470396
-2663904887897520289
-5949931388484084072
-3836004421277664700
-1703221889032114276
-4821757964306194654
-2217999896642112992
7147476179854874361
-4777853557137577945
6992234510582694632
-3315924176262386218
-3414507396152337146
-8550699963310460824
-1792158240282047886
7192977779301294180
7725138357438413480
-1746787079007644910
6060428190062438422
-5739893804682606806
-6246845483727893010
-4652202959586836273
-3006195568598866115
3910140101601358011
-8533111868818945220
-6019823064703411526
-5807480015760114970
-7020453161493794980
-7478905877876608054
4109568865756515557
4203668327378164770
-359477330385413240
3764999818391264291
-1018591815178897196
-6788963791647704938
5332393521039828590
8971243618036351655
-7957338962680582144
-8963436706726858500
-4879211512459101071
1553805564212540937
-967185357533774250
-1551627758695766110
-5699938593967048793
-3679004451794301999
3691275644930671797
-4770319484074828055
-7188655210508213669
-623632986390501670
8934662746530538356
460352734223263687
1684488853235239308
5370431028553092565
2597454318235432153
3174318054000402502
2656042351710576491
-2494927509383212603
-8893360808995219550
-6977046680368135678
5808058359372819937
-1511245429993651071
-6369457047578867328
3971478882280849583
-5713806074133014265
-1134662377360212170
2534554134426718616
-1386878048975652719
-775507682106805845
-4870162247029917470
-2436314315928503551
9126129611617840387
-6532992556271839278
1848159353949859034
3479823860177297224
-387628494523312399
6929316459829603632
-4453392849547194043
-3856139939020898066
2211611004302869341
8687381547602483122
8282912296831475102
1906410003693532648
124894739859407325
-8468901464641809420
982669372575588662
7407139301918843423
8808305930667303707
-5085468795419928628
-1780258366755116625
-5293530542169456146
5191780752716973908
2284725496862098621
-7937349705165358718
-5566048143414082393
2017010889437314266
-7640379331786495356
-6196710154992890246
1521138537180051214
3942503384335511186
7162464838469753232
8415572550260406327
-2119674850357936676
9095185598957478519
-7583543021634255487
7089786873856147116
-6497529087288336323
-7503694085257885675
-4551625779436226640
-2438064316583110494
1789070878551401042
-3834054000792955122
-8562557423591747161
3312612921029227059
3589580845657124784
3250815847689239961
2169361892625014692
-8849435335953464497
6027247130234705376
-1994932261813887234
-3353602996710835429
-2733615026941823430
8507454433736117981
1126445450864140827
5435791519256018225
9098102044418727436
8544667458026265497
5292261149450358754
-7092783477362540222
-737065594768130768
7412060816173969016
-8437834543350677031
2864348464275519323
686164546860129253
-7358461372180797998
-6678363487929294696
-5640508962747971904
-7107168895951032640
7294062669308368502
7140394723086938702
6018504412475015272
7155662435903868200
598250735321327138
1162618178109471037
-4050765634956205700
2310586864539858905
-1200007460898474484
-5181428019806641606
-8438491798676085284
-2920296950925987998
-7749596175005491876
8853555702093234990
-5017292553618969959
-2221292316440307033
-7705296282585893969
-708456560623883881
2469627555176572
-7446937429230682785
3360580373907123094
-7988735350231598841
-811417043543961986
1560004940466372246
4133149548223708437
-8843826383051023964
5678722388765959246
2043251709163421485
-2001329382858006492
2895837460665988775
-2274381928719082290
4542754595740794965
-1598304505450801359
2880102246203100381
-2113922064923479914
-217094174082672104
-5654135653289768547
2454542457284806953
5311896722927720560
-8875489938477121072
-3084960825606934982
4256403023000073984
-1742751162813390886
-6719268739983777618
-3515303353136970285
2583798236859596523
-884516634842216569
5557179226814839348
3017433338583754149
5101998236697457929
2354823569121621982
3778996747798979259
7218984061001126366
-5898003445818230902
-3066869774075985030
-5346523019093096978
-1908852887762933723
-7874346141685097163
4077557102164277672
-7988570289790386867
-4249196058461251055
7534604055862195171
-5160212412673537812
-3529965676966512980
-2414374182982076496
-5967403719950659839
7836010827178979708
6034736035766151857
-6198738860908770814
-5658127175689001454
3612187137876854723
-5184466267387305127
-8028201008335585924
1695411763601818411
-6594506484078836000
2415164759033188979
311381954705710214
-4405573392556883595
3566340186288681764
-24220223939545053
8466041968131529213
-8658590326277383249
5890125767740853400
-4298410060504360607
6660460075063192498
-197480542455264598
-7451383341043461772
-1677903963144124808
-975595924867582744
8170411387759768523
-5558785571767545687
-3310096901982162553
-2217736814520958758
3021093966284777356
-7162893138942374824
8376935928230450435
2589165663356996915
-4272548236836605958
5662245066072681561
-2194809182786491853
-7914620123970411372
-4245542953053327559
-1997881041637195594
5906935098151186355
1163803991169370385
1750513754867027452
-4367830397640453076
-8161302892485623822
3228231695588404916
-6822297191872824819
-7039696490201051471
1734153013477849011
708778357170423289
-6127446812252638005
4829877755138254824
-3558487986497688432
-4121597974717999536
8442769258265031079
601141688979745198
7165615419036840818
5465259610142763167
-1091717295586655066
6008389425229480594
6048381720557483802
4431339762204131773
2575910059995717858
2295755418755868756
-4512163431011410276
1647472727792250104
-7204215437750360311
-5942411762939278739
430906222116422623
-2020628509206833520
-3340998889033579556
8484797443555595399
-8968569555585680866
-2730968904888338886
5892376435882942129
6062286671946023169
-3882875777657805719
1770845541435541917
1643209781468223474
6751542979227990892
-2352507667979248603
3459630280328634072
9045380312231368604
4181772509632402192
2398962173370296200
-6113262659316044038
-2395693322548237375
-986663273496330904
-442047696165748706
-5185892095443859319
-979641487691450618
1310529854828374177
6515127625361992007
4364191127402793468
-4053598658803912922
-6411902488526152160
